a = [89 87];
